***********************************************
RESULTS FOR Z_19
***********************************************
Lambda: ((1, 2, -3), (3, 4, -7), (5, 6, 8), (7, -6, -1), (9, -5, -4), (-9, -8, -2))
Number of optimal orientations: 6
One optimal orientation:[[1, 2, -3], [-7, 4, 3], [5, 6, 8], [-1, -6, 7], [9, -5, -4], [-2, -8, -9]]
-----------------------------------------------
Lambda: ((1, 2, -3), (3, 5, -8), (4, 7, 8), (6, -5, -1), (9, -7, -2), (-9, -6, -4))
Number of optimal orientations: 6
One optimal orientation:[[1, 2, -3], [-8, 5, 3], [4, 7, 8], [6, -5, -1], [9, -7, -2], [-4, -6, -9]]
-----------------------------------------------
Lambda: ((1, 2, -3), (3, 6, -9), (4, 7, 8), (5, -4, -1), (9, -7, -2), (-8, -6, -5))
Number of optimal orientations: 6
One optimal orientation:[[1, 2, -3], [3, 6, -9], [4, 7, 8], [5, -4, -1], [-2, -7, 9], [-5, -6, -8]]
-----------------------------------------------
Lambda: ((1, 3, -4), (2, 4, -6), (5, 6, 8), (7, -5, -2), (9, -8, -1), (-9, -7, -3))
Number of optimal orientations: 6
One optimal orientation:[[1, 3, -4], [2, 4, -6], [5, 6, 8], [7, -5, -2], [9, -8, -1], [-3, -7, -9]]
-----------------------------------------------
Lambda: ((1, 3, -4), (2, 5, -7), (4, 6, 9), (7, -6, -1), (8, -5, -3), (-9, -8, -2))
Number of optimal orientations: 6
One optimal orientation:[[1, 3, -4], [2, 5, -7], [9, 6, 4], [7, -6, -1], [-3, -5, 8], [-2, -8, -9]]
-----------------------------------------------
Lambda: ((1, 3, -4), (2, 5, -7), (4, 7, 8), (6, -5, -1), (9, -6, -3), (-9, -8, -2))
Number of optimal orientations: 6
One optimal orientation:[[-4, 3, 1], [-7, 5, 2], [8, 7, 4], [6, -5, -1], [-3, -6, 9], [-9, -8, -2]]
-----------------------------------------------
Lambda: ((1, 4, -5), (2, 6, -8), (3, 7, 9), (5, -4, -1), (8, -6, -2), (-9, -7, -3))
No optimal orientations.
Least number of cycles generated: 3
----------------------------------------------
Lambda: ((1, 5, -6), (2, 3, -5), (4, 6, 9), (7, -4, -3), (8, -7, -1), (-9, -8, -2))
Number of optimal orientations: 6
One optimal orientation:[[1, 5, -6], [2, 3, -5], [4, 6, 9], [-3, -4, 7], [-1, -7, 8], [-9, -8, -2]]
-----------------------------------------------
Lambda: ((1, 5, -6), (2, 3, -5), (4, 7, 8), (6, -4, -2), (9, -8, -1), (-9, -7, -3))
Number of optimal orientations: 6
One optimal orientation:[[1, 5, -6], [2, 3, -5], [8, 7, 4], [-2, -4, 6], [-1, -8, 9], [-9, -7, -3]]
-----------------------------------------------
Lambda: ((1, 6, -7), (2, 3, -5), (4, 7, 8), (5, -4, -1), (9, -6, -3), (-9, -8, -2))
Number of optimal orientations: 6
One optimal orientation:[[-7, 6, 1], [2, 3, -5], [4, 7, 8], [-1, -4, 5], [9, -6, -3], [-9, -8, -2]]
-----------------------------------------------
Lambda: ((1, 6, -7), (2, 4, -6), (3, 7, 9), (5, -4, -1), (8, -5, -3), (-9, -8, -2))
Number of optimal orientations: 6
One optimal orientation:[[-7, 6, 1], [-6, 4, 2], [9, 7, 3], [-1, -4, 5], [8, -5, -3], [-9, -8, -2]]
-----------------------------------------------
Lambda: ((1, 6, -7), (2, 7, -9), (3, 5, -8), (4, -3, -1), (8, -6, -2), (9, -5, -4))
Number of optimal orientations: 6
One optimal orientation:[[-7, 6, 1], [-9, 7, 2], [3, 5, -8], [-1, -3, 4], [8, -6, -2], [9, -5, -4]]
-----------------------------------------------
Lambda: ((1, 7, -8), (2, 3, -5), (4, 5, -9), (6, -4, -2), (8, -7, -1), (9, -6, -3))
No optimal orientations.
Least number of cycles generated: 3
----------------------------------------------
Lambda: ((1, 7, -8), (2, 3, -5), (4, 6, 9), (5, -4, -1), (8, -6, -2), (-9, -7, -3))
Number of optimal orientations: 6
One optimal orientation:[[-8, 7, 1], [2, 3, -5], [9, 6, 4], [-1, -4, 5], [8, -6, -2], [-3, -7, -9]]
-----------------------------------------------
Lambda: ((1, 7, -8), (2, 4, -6), (3, 6, -9), (5, -4, -1), (8, -5, -3), (9, -7, -2))
Number of optimal orientations: 6
One optimal orientation:[[1, 7, -8], [-6, 4, 2], [3, 6, -9], [-1, -4, 5], [-3, -5, 8], [9, -7, -2]]
-----------------------------------------------
Lambda: ((1, 7, -8), (2, 5, -7), (3, 6, -9), (4, -3, -1), (8, -6, -2), (9, -5, -4))
Number of optimal orientations: 6
One optimal orientation:[[1, 7, -8], [2, 5, -7], [-9, 6, 3], [4, -3, -1], [8, -6, -2], [9, -5, -4]]
-----------------------------------------------
Lambda: ((1, 8, -9), (2, 4, -6), (3, 5, -8), (6, -5, -1), (7, -4, -3), (9, -7, -2))
Number of optimal orientations: 6
One optimal orientation:[[1, 8, -9], [-6, 4, 2], [-8, 5, 3], [-1, -5, 6], [-3, -4, 7], [-2, -7, 9]]
-----------------------------------------------
Lambda: ((1, 8, -9), (2, 5, -7), (3, 7, 9), (4, -3, -1), (6, -4, -2), (-8, -6, -5))
Number of optimal orientations: 6
One optimal orientation:[[-9, 8, 1], [-7, 5, 2], [9, 7, 3], [4, -3, -1], [-2, -4, 6], [-8, -6, -5]]
-----------------------------------------------



